1
2
3
3
4
5
6
6
7
8
9
9
10
11
12
12
13
14
15
15
16
17
18
18
19
20
21
21
22
23
24
24
25
26
27
27
28
29
30
30
31
32
33
33
34
35
36
36
37
38
39
39
40
41
42
42
43
44
45
45
46
47
48
48
49
50
51
51
52
53
54
54
55
56
57
57
58
59
60
60
61
62
63
63
64
65
66
66
67
68
69
69
70
71
72
72
73
74
75
75
76
77
78
78
79
80
81
81
82
83
84
84
85
86
87
87
88
89
90
90
91
92
93
93
94
95
96
96
97
98
99
99
105
108
111
114
117
120
123
126
129
132
135
138
141
144
147
150
153
156
159
162
165
168
171
174
177
180
183
186
189
192
195
198
201
204
207
210
213
216
219
222
225
228
231
234
237
240
243
246
249
252
255
258
261
264
267
270
273
276
279
282
285
288
291
294
297
